CYCLE: 0   BEST:: valid:0.9939444065093994 test_v: 1.0013599395751953 test_o:1.0013599395751953
CYCLE: 0   BEST:: valid:0.9939444065093994 test_v: 1.0013599395751953 test:1.0013599395751953
CYCLE: 0   BEST:: valid:0.993944525718689 test_v: 1.0013600587844849 test:1.0013600587844849
lr=5e-5, batch_size = 256 CYCLE: 0   total_time: 9200.270384788513 BEST:: valid:0.7872308492660522 test_v: 0.7991377711296082 test:0.7991377711296082
lr=5e-4, batch_size = 256 CYCLE: 0   total_time: 9364.744901418686 BEST:: valid:0.46371951699256897 test_v: 0.47469982504844666 test:0.47194838523864746
lr=5e-4, batch_size = 32 CYCLE: 0   total_time: 12601.772630929947 BEST:: valid:0.16971002519130707 test_v: 0.1689947247505188 test:0.16817767918109894
